     0/249     2.99G   0.05024   0.01404   0.01285   0.07713        19       640  0.003595     0.025   0.00163 0.0002177   0.05835  0.008655   0.01145
     1/249     13.5G   0.04341   0.01221   0.01278   0.06839        26       640   0.04991    0.1583   0.02945  0.005553   0.04805  0.007053   0.01146
     2/249     12.2G   0.03575   0.01202   0.01156   0.05932        21       640    0.2895    0.5167    0.2714    0.0674   0.04145  0.006913   0.01182
     3/249     12.2G   0.03092   0.01098   0.01068   0.05258        19       640    0.4154     0.516    0.3382     0.107   0.03038  0.006866    0.0111
     4/249     12.2G   0.03069  0.009658   0.01059   0.05093        21       640    0.4004    0.7833    0.4266    0.2419   0.02516  0.005789   0.01051
     5/249     12.2G   0.02785  0.008266  0.009775   0.04589        17       640    0.4373    0.7667    0.4188    0.1902   0.02437  0.005089   0.01105
     6/249     12.2G   0.02524   0.00764  0.008708   0.04159        20       640    0.4437    0.7884    0.4285    0.2521   0.02484  0.004666   0.01054
     7/249     12.2G   0.02673  0.007201  0.008543   0.04248        17       640    0.4509    0.8167    0.4945    0.3167   0.02023  0.004501   0.01009
     8/249     12.2G   0.02607  0.007115  0.008513    0.0417        17       640    0.4448    0.8083    0.5575    0.2792   0.02274  0.004221  0.009155
     9/249     12.2G   0.02622  0.006891  0.007852   0.04096        16       640    0.4883    0.7917    0.6306    0.2916   0.02121  0.004223  0.007156
    10/249     12.2G   0.02381  0.006686  0.006284   0.03678        17       640    0.4993    0.7583    0.6707     0.407    0.0206  0.004203  0.008491
    11/249     12.2G   0.02435  0.006451  0.005975   0.03678        26       640    0.5934    0.8242    0.7178    0.4604   0.01866   0.00417  0.006031
    12/249     12.2G   0.02388   0.00657  0.005009   0.03546        30       640     0.818      0.75     0.743    0.4224   0.02039  0.004105  0.004715
    13/249     12.2G   0.02187  0.006352  0.004092   0.03231        18       640    0.8014    0.8333    0.7772    0.4202   0.02193  0.003897  0.003894
    14/249     12.2G   0.02215  0.006117  0.003595   0.03186        22       640    0.8284    0.8651    0.8224    0.5198   0.01714  0.003777  0.002884
    15/249     12.2G   0.02302  0.006049  0.003834   0.03291        19       640    0.7662    0.8083    0.7947    0.5008   0.01659  0.003763  0.002082
    16/249     12.2G   0.02137   0.00609  0.003551   0.03101        25       640    0.8191    0.8499    0.8257    0.5155   0.01711  0.003793  0.001893
    17/249     12.2G   0.01964  0.005893  0.002995   0.02852        22       640    0.8665    0.8666    0.8395    0.5138   0.01714  0.003787  0.001017
    18/249     12.2G   0.02048  0.005597  0.002594   0.02867        24       640    0.8472    0.8417    0.8343    0.5417   0.01507  0.003756 0.0007566
    19/249     12.2G   0.01928  0.005535   0.00213   0.02694        17       640    0.8584    0.8583    0.8317    0.5177   0.01487  0.004099 0.0007708
    20/249     12.2G   0.01826  0.005611  0.002131     0.026        16       640    0.8466    0.8465    0.8266    0.5284   0.01712  0.003862  0.001474
    21/249     12.2G     0.017  0.005445  0.001561   0.02401        26       640    0.8468    0.8498    0.8338    0.5136   0.01668  0.003838 0.0005947
    22/249     12.2G   0.01656  0.005435  0.001984   0.02398        19       640    0.8547    0.8583     0.842    0.5545   0.01556  0.003917 0.0005138
    23/249     12.2G   0.01694  0.005208  0.001935   0.02408        24       640    0.8547    0.8583    0.8351    0.5053   0.01541  0.003993 0.0004038
    24/249     12.2G   0.01698  0.005216   0.00125   0.02344        15       640    0.8574    0.8583    0.8518    0.5416   0.01587  0.003987 0.0003813
    25/249     12.2G   0.01505  0.005049  0.001128   0.02123        15       640      0.88    0.8833    0.8922    0.5841   0.01404  0.003816 0.0003837
    26/249     12.2G   0.01659  0.005102  0.001202    0.0229        15       640    0.8666    0.8643    0.8704    0.5504   0.01495  0.003855 0.0002969
    27/249     12.2G   0.01549  0.004826  0.001107   0.02143        24       640    0.9024    0.8833    0.8986    0.5569   0.01464  0.003887  0.000314
    28/249     12.2G   0.01492  0.004938 0.0008716   0.02073        18       640    0.8786    0.9167     0.881    0.5604   0.01408  0.003992 0.0003273
    29/249     12.2G   0.01363  0.004926 0.0007158   0.01927        27       640    0.8647    0.9082    0.8864    0.5772   0.01376  0.003799 0.0003039
    30/249     12.2G   0.01456  0.004966 0.0007071   0.02023        25       640    0.8884       0.9    0.9029    0.5519   0.01422  0.003913 0.0002455
    31/249     12.2G   0.01519   0.00472 0.0008467   0.02075        15       640     0.868    0.8916    0.8694    0.5363   0.01651   0.00403 0.0003142
    32/249     12.2G   0.01525  0.004848 0.0008057   0.02091        22       640    0.8927       0.9     0.887    0.5299   0.01473  0.004147 0.0002946
    33/249     12.2G   0.01284  0.004626 0.0007763   0.01824        15       640    0.8806       0.9    0.8861    0.5581   0.01557  0.004049 0.0003051
    34/249     12.2G   0.01291  0.004808 0.0006141   0.01833        18       640    0.9195    0.9167      0.91    0.5636   0.01424  0.003966  0.000291
    35/249     12.2G   0.01302  0.004641 0.0008973   0.01856        24       640    0.8792    0.9167    0.8949    0.5524   0.01488  0.003941 0.0003101
    36/249     12.2G   0.01269  0.004671 0.0005624   0.01792        22       640    0.8834    0.9082    0.8962    0.5457   0.01423  0.004049  0.000266
    37/249     12.2G   0.01204  0.004649 0.0006147   0.01731        20       640    0.8808    0.8833    0.8744    0.5381    0.0152  0.004083 0.0002669
    38/249     12.2G    0.0123  0.004517 0.0004541   0.01728        21       640     0.897    0.9417    0.9092    0.5377   0.01488  0.004005 0.0002184
    39/249     12.2G   0.01367  0.004554 0.0007091   0.01893        20       640    0.8895       0.9    0.8788    0.5485    0.0132   0.00457 0.0002597
    40/249     12.2G   0.01188  0.004498   0.00048   0.01686        27       640     0.864       0.9    0.8719    0.5397   0.01386  0.004209 0.0002307
    41/249     12.2G   0.01329  0.004472 0.0007047   0.01847        15       640    0.8767    0.9247    0.8853    0.5158   0.01562  0.004212 0.0002158
    42/249     12.2G   0.01319  0.004429 0.0005839    0.0182        26       640    0.8712     0.875    0.8724    0.5366   0.01461  0.004426 0.0002473
    43/249     12.2G   0.01372  0.004303 0.0007215   0.01874        17       640    0.8588    0.9333    0.8832    0.5255    0.0139  0.004435 0.0002278
    44/249     12.2G   0.01269  0.004286 0.0004411   0.01741        17       640    0.8442    0.9167    0.8521     0.535   0.01371  0.004172 0.0002327
    45/249     12.2G    0.0115  0.004491 0.0005909   0.01658        27       640    0.8976    0.9082    0.8837    0.5245    0.0142  0.004339 0.0002403
    46/249     12.2G   0.01246  0.004336 0.0005796   0.01738        19       640    0.8469    0.8829    0.8442    0.5365   0.01385  0.004608 0.0002612
    47/249     12.2G   0.01327  0.004295 0.0006264   0.01819        13       640    0.8662    0.9166    0.8853    0.5501   0.01501  0.004291 0.0002043
    48/249     12.2G   0.01197  0.004319 0.0005246   0.01681        20       640    0.8619    0.9663    0.9144    0.5387   0.01556  0.004056 0.0002014
    49/249     12.2G   0.01078  0.004237 0.0004243   0.01544        14       640    0.8778    0.9083    0.8805    0.5363    0.0153  0.004374 0.0002736
    50/249     12.2G   0.01326  0.004312 0.0005239    0.0181        18       640    0.8662    0.9417     0.883    0.5234   0.01493  0.004266 0.0002934
    51/249     12.2G    0.0113  0.004171 0.0005726   0.01604        13       640    0.8596    0.8833    0.8427    0.4974   0.01565   0.00441 0.0003201
    52/249     12.2G   0.01285  0.004257 0.0005472   0.01765        13       640    0.8629    0.8583    0.8458    0.5298   0.01497  0.004471  0.000234
    53/249     12.2G   0.01052    0.0042  0.000355   0.01508        25       640    0.8338    0.8665    0.8392    0.5254   0.01472  0.004522 0.0002768
    54/249     12.2G   0.01114  0.004067 0.0004808   0.01569        17       640    0.8683      0.85    0.8459    0.5257   0.01473  0.004686 0.0004428
    55/249     12.2G    0.0111  0.004188 0.0004134    0.0157        23       640    0.8563    0.8748    0.8414    0.5136   0.01591  0.004425 0.0002572
    56/249     12.2G   0.01011  0.004146 0.0003039   0.01456        22       640    0.8151    0.9081    0.8294    0.5166   0.01621  0.004593 0.0002446
    57/249     12.2G     0.011  0.004082 0.0003415   0.01543        16       640    0.8323    0.9167    0.8467    0.5176    0.0155  0.004617  0.000212
    58/249     12.2G   0.01012  0.003976 0.0003127   0.01441        17       640    0.8793    0.8917    0.8547    0.5256   0.01537  0.004931 0.0002293
    59/249     12.2G   0.01046  0.004037 0.0002955   0.01479        28       640    0.8697     0.925    0.8779    0.5291   0.01512  0.004567 0.0002144
    60/249     12.2G   0.01015  0.003986 0.0003387   0.01447        26       640    0.9117    0.9083    0.9023    0.5426   0.01459  0.004766 0.0001857
    61/249     12.2G   0.01064  0.004133 0.0003513   0.01513        23       640    0.8789    0.9167    0.8776    0.5398   0.01553  0.004566 0.0001613
    62/249     12.2G   0.01063  0.004032 0.0004126   0.01507        24       640    0.8821    0.9082    0.8771    0.5292   0.01584   0.00447 0.0001559
    63/249     12.2G   0.01033  0.003897  0.000317   0.01454        22       640    0.8994    0.9333    0.8971     0.503   0.01529  0.004887 0.0002759
    64/249     12.2G   0.01083  0.004076 0.0004182   0.01532        20       640    0.9068    0.8915    0.8941    0.5414    0.0149  0.004729 0.0002819
    65/249     12.2G   0.01034  0.003835  0.000501   0.01467        23       640    0.8382    0.8808    0.8223    0.4856   0.01573  0.004352  0.000154
    66/249     12.2G    0.0119  0.003982 0.0007786   0.01666        14       640    0.8452      0.95    0.8621    0.4903   0.01607  0.004276 0.0001866
    67/249     12.2G   0.01121  0.004044 0.0005148   0.01577        20       640    0.8502      0.95    0.8552     0.511   0.01525  0.004232 0.0001279
    68/249     12.2G  0.009621  0.003831 0.0003602   0.01381        18       640     0.814    0.9667    0.8577    0.5271   0.01488  0.004559 0.0001549
    69/249     12.2G   0.01033  0.003891 0.0004399   0.01467        13       640     0.875     0.923    0.8797    0.5066    0.0155  0.004521 0.0001463
    70/249     12.2G    0.0102  0.003982 0.0003177    0.0145        18       640    0.9219    0.9249    0.8985    0.5429   0.01549  0.004845 0.0001476
    71/249     12.2G   0.01081  0.003937 0.0005113   0.01526        15       640    0.8785    0.9333    0.8896    0.5255   0.01518  0.004684  0.000195
    72/249     12.2G   0.01077  0.004122 0.0004463   0.01534        21       640    0.8231    0.9083    0.8446    0.5325   0.01549  0.004673 0.0001695
    73/249     12.2G   0.01062  0.004159  0.000556   0.01534        20       640    0.8779    0.8917    0.8764    0.5182   0.01583  0.004611 0.0001773
    74/249     12.2G   0.01117  0.004006 0.0004515   0.01563        16       640    0.9124    0.9249    0.8903     0.526   0.01504  0.004595 0.0001475
    75/249     12.2G   0.01106  0.004022 0.0006857   0.01577        20       640    0.8544    0.9142    0.8644    0.5402   0.01464  0.004619 0.0002552
    76/249     12.2G   0.01081  0.003873 0.0004602   0.01515        16       640    0.8845    0.8833    0.8622    0.5322   0.01568  0.004596  0.000154
    77/249     12.2G   0.01086   0.00389 0.0004076   0.01516        19       640    0.8831    0.9083    0.8741    0.5068    0.0156  0.004653 0.0001771
    78/249     12.2G   0.01043  0.003809 0.0004632   0.01471        24       640    0.8811    0.8917    0.8601    0.5185   0.01484   0.00479 0.0001913
    79/249     12.2G   0.01016  0.003902 0.0003482   0.01441        16       640    0.8821    0.9083    0.8931     0.524   0.01487   0.00468 0.0002486
    80/249     12.2G  0.009311  0.003746 0.0003601   0.01342        17       640    0.8452    0.8583    0.8238    0.5192   0.01621  0.005007  0.000202
    81/249     12.2G     0.011   0.00361 0.0005724   0.01518        16       640    0.8713    0.8833     0.856    0.5304   0.01479  0.005094 0.0002299
    82/249     12.2G   0.01053  0.003685 0.0004718   0.01468        18       640    0.8954    0.8999     0.891    0.5469   0.01419   0.00494 0.0001956
    83/249     12.2G   0.01034  0.003792 0.0004248   0.01456        25       640    0.8879       0.9    0.8933    0.5287   0.01497  0.005061  0.000188
    84/249     12.2G    0.0109  0.003855 0.0007167   0.01548        19       640    0.9017    0.9167    0.8852    0.4929   0.01524  0.005863 0.0003214
    85/249     12.2G   0.01127  0.004031 0.0007602   0.01606        22       640    0.8759    0.9083    0.8715    0.4759   0.01586  0.005137 0.0002671
    86/249     12.2G   0.01049  0.004088 0.0007231    0.0153        22       640    0.8605    0.9167    0.8889    0.5221   0.01583   0.00475 0.0002108
    87/249     12.2G   0.01074  0.003916 0.0005318   0.01519        22       640      0.82    0.9417     0.863    0.4928   0.01601  0.005047 0.0002194
    88/249     12.2G   0.01147  0.004071  0.000598   0.01614        28       640    0.8586    0.8998    0.8624    0.4757   0.01594  0.004805 0.0001588
    89/249     12.2G   0.01112  0.003868 0.0005396   0.01553        18       640     0.855    0.8667    0.8511    0.5059   0.01638  0.004724 0.0001776
    90/249     12.2G  0.009175   0.00389 0.0003217   0.01339        20       640    0.8501    0.8917    0.8517    0.4762   0.01581  0.005044 0.0002002
    91/249     12.2G   0.01057  0.003722 0.0004098    0.0147        18       640    0.8815    0.9083    0.8722    0.5138   0.01576  0.004962 0.0002623
    92/249     12.2G  0.008582  0.003598 0.0003038   0.01248        12       640    0.9085     0.925    0.8878    0.5203   0.01698   0.00497 0.0002322
    93/249     12.2G   0.01189  0.003654 0.0006489   0.01619        25       640    0.8788     0.925     0.878    0.5112   0.01645  0.005128 0.0002111
    94/249     12.2G   0.01042  0.003478  0.000417   0.01432        21       640    0.8899    0.9083    0.8766    0.5136    0.0159  0.005198 0.0002147
    95/249     12.2G   0.00937  0.003645 0.0002922   0.01331        15       640    0.8536    0.8832    0.8321    0.4874   0.01581  0.005273 0.0002245
    96/249     12.2G  0.009892  0.003603 0.0004121   0.01391        20       640    0.8825       0.9    0.8579    0.5082    0.0158  0.005254 0.0002497
    97/249     12.2G   0.01028  0.003415 0.0003504   0.01404        19       640    0.8977    0.9083    0.8854    0.5193   0.01617  0.005194 0.0003412
    98/249     12.2G  0.009669  0.003717 0.0003424   0.01373        26       640    0.8987    0.9083    0.8697    0.4966   0.01615  0.005361 0.0002584
    99/249     12.2G   0.01039   0.00336 0.0003975   0.01415        20       640    0.8336    0.9083     0.848    0.5145   0.01557  0.005093 0.0001453
   100/249     12.2G   0.01061  0.003446 0.0002858   0.01435        14       640    0.8675       0.9    0.8721    0.5015   0.01758   0.00517 0.0003072
   101/249     12.2G  0.008963  0.003508 0.0002161   0.01269        18       640    0.9444    0.9332    0.9267      0.52   0.01704  0.005027 0.0003034
   102/249     12.2G  0.008141  0.003346 0.0001583   0.01164        16       640    0.9024    0.8999     0.878    0.5153   0.01795  0.005316 0.0004898
   103/249     12.2G  0.008815  0.003513 0.0004071   0.01273        23       640    0.8866     0.925    0.8968    0.5058   0.01742  0.005352 0.0004007
   104/249     12.2G   0.01002  0.003395 0.0004655   0.01388        27       640    0.8738    0.8917    0.8513    0.5204   0.01756  0.005192 0.0006284
   105/249     12.2G  0.009987  0.003613  0.000314   0.01391        18       640    0.8314    0.9167    0.8303    0.5012   0.01698  0.005521 0.0003608
   106/249     12.2G  0.009215  0.003495 0.0004268   0.01314        22       640    0.8847    0.8833    0.8471    0.5072   0.01738  0.005475 0.0002545
   107/249     12.2G   0.01069  0.003432 0.0005234   0.01465        17       640    0.8697       0.9     0.874    0.5147   0.01744  0.005527 0.0003941
   108/249     12.2G   0.01053  0.003572 0.0005329   0.01463        27       640    0.8456     0.875    0.8353    0.4923   0.01715  0.005474 0.0002667
   109/249     12.2G  0.009837  0.003393 0.0003829   0.01361        17       640    0.8262    0.9163    0.8547    0.4982   0.01845  0.005553 0.0002954
   110/249     12.2G  0.008509  0.003462 0.0002163   0.01219        21       640    0.8481    0.8833    0.8494    0.5029   0.01755  0.005579 0.0005644
   111/249     12.2G   0.01015  0.003384 0.0003724    0.0139        19       640    0.9079    0.9083    0.8778    0.4923   0.01737  0.005464  0.000411
   112/249     12.2G  0.008628  0.003455 0.0003824   0.01247        23       640    0.8535    0.8666    0.8216    0.4953   0.01615  0.005711 0.0003009
   113/249     12.2G  0.008427  0.003404 0.0002578   0.01209        17       640    0.8249    0.8494    0.7953    0.4918   0.01803  0.005908 0.0003848
   114/249     12.2G  0.007844  0.003307 0.0001351   0.01129        20       640    0.8457    0.8833    0.8234    0.5012   0.01728  0.005615 0.0002035
   115/249     12.2G   0.01057  0.003442 0.0004453   0.01446        14       640    0.8165    0.8667    0.8194    0.4907   0.01786  0.005642 0.0003258
   116/249     12.2G  0.008653  0.003611 0.0004568   0.01272        27       640    0.8562      0.85     0.823    0.5042   0.01655  0.005296 0.0001409
   117/249     12.2G   0.01172  0.004335 0.0009667   0.01702        24       640    0.8545    0.8916    0.8494     0.472   0.01965  0.004856  0.000213
   118/249     12.2G   0.01153  0.004549  0.001073   0.01715        16       640    0.8687    0.9078    0.8812     0.543   0.01613  0.004418  0.000268
   119/249     12.2G   0.01347  0.004393  0.001111   0.01898        19       640    0.8761    0.8917    0.8754    0.5598   0.01425  0.004121 0.0002937
   120/249     12.2G    0.0108  0.004247 0.0006563    0.0157        17       640    0.9254    0.9333     0.915    0.5548   0.01431  0.004388 0.0002128
   121/249     12.2G  0.009908  0.003978 0.0004814   0.01437        19       640    0.8966    0.9083    0.8856    0.5377   0.01476  0.004679 0.0001042
   122/249     12.2G  0.009837  0.003797 0.0005047   0.01414        20       640    0.9262    0.9226     0.901    0.5257   0.01685  0.004536 0.0005978
   123/249     12.2G   0.01045  0.003798 0.0004804   0.01473        18       640    0.8883    0.9083    0.8838    0.5332   0.01377  0.004736 9.193e-05
   124/249     12.2G   0.01037  0.003769 0.0004622    0.0146        20       640    0.8745    0.8916     0.865    0.5208   0.01391  0.004932 0.0001021
   125/249     12.2G  0.009929  0.003637  0.000393   0.01396        18       640    0.8799    0.9167    0.8906     0.514   0.01541  0.005019 0.0001796
   126/249     12.2G   0.01062  0.003588 0.0005204   0.01473        24       640    0.9021    0.9415    0.9114    0.5149   0.01474  0.005091 0.0001143
   127/249     12.2G  0.009062  0.003485 0.0003035   0.01285        15       640      0.87    0.9333    0.8927    0.5383   0.01533  0.004928 0.0001109
   128/249     12.2G  0.009115  0.003582  0.000361   0.01306        25       640    0.8906    0.8833     0.872    0.5101   0.01534   0.00511  0.000126
   129/249     12.2G  0.009832  0.003601 0.0003419   0.01378        20       640    0.8909    0.8629    0.8842    0.5199   0.01486  0.005253 0.0002251
   130/249     12.2G  0.009751  0.003428 0.0003869   0.01357        25       640    0.9072     0.925    0.8927    0.5098   0.01543  0.005506 0.0002037
   131/249     12.2G  0.008141  0.003463 0.0002224   0.01183        23       640    0.8816    0.9416    0.8838    0.5183   0.01515  0.005494 0.0001484
   132/249     12.2G  0.009414  0.003492 0.0004389   0.01334        22       640    0.8989    0.9083    0.8613    0.5065   0.01657  0.005564 0.0001801
   133/249     12.2G  0.008074  0.003456 0.0001877   0.01172        18       640    0.9148     0.925    0.8756    0.5229   0.01513  0.005408 0.0001476
   134/249     12.2G  0.008923  0.003524 0.0003183   0.01277        19       640    0.8786    0.8917    0.8508    0.5246   0.01465  0.005522 0.0001277
   135/249     12.2G  0.009277  0.003431 0.0005125   0.01322        21       640    0.9052    0.8906    0.8731     0.519   0.01502  0.005593  0.000131
   136/249     12.2G  0.009043  0.003322 0.0003518   0.01272        12       640    0.8874       0.9     0.855    0.5244   0.01423  0.005554 0.0001476
   137/249     12.2G  0.008537  0.003323 0.0001785   0.01204        16       640    0.9048    0.9167    0.8806    0.5233   0.01422  0.005379 0.0001185
   138/249     12.2G   0.01164  0.003372 0.0006655   0.01568        27       640    0.8664    0.8917    0.8465    0.5278   0.01472  0.005315 0.0001167
   139/249     12.2G   0.01231  0.003422 0.0006466   0.01638        25       640    0.8593    0.8583    0.8229     0.513   0.01571  0.005621 0.0001349
   140/249     12.2G  0.008858  0.003285  0.000291   0.01243        15       640    0.8757    0.8583    0.8254    0.5241   0.01514  0.005739 0.0001382
   141/249     12.2G  0.009665  0.003286 0.0002799   0.01323        21       640    0.8756    0.8999    0.8432    0.5112   0.01564  0.005653 0.0001387
   142/249     12.2G  0.009826   0.00331  0.000318   0.01345        21       640    0.8981    0.9167    0.8654    0.5077   0.01561  0.005511 0.0001304
   143/249     12.2G  0.007572   0.00325 9.718e-05   0.01092        30       640     0.868    0.8582     0.834    0.5079   0.01567  0.005578 0.0001518
   144/249     12.2G   0.01023  0.003366 0.0003712   0.01397        28       640    0.8556    0.9082    0.8568     0.502   0.01616  0.005688 0.0002015
   145/249     12.2G  0.009086  0.003268 0.0002233   0.01258        21       640    0.8602    0.8583    0.8187    0.5047   0.01552   0.00591 0.0001817
   146/249     12.2G  0.008281  0.003296 0.0003592   0.01194        17       640    0.8679     0.875    0.8248    0.4937   0.01614  0.005774 0.0001966
   147/249     12.2G  0.008797  0.003212 0.0003045   0.01231        17       640    0.8788    0.8916     0.848    0.5088   0.01515  0.005804 0.0001337
   148/249     12.2G  0.009155  0.003211 0.0003607   0.01273        22       640    0.8944    0.8917    0.8627    0.5182   0.01486  0.005812 0.0001758
   149/249     12.2G  0.009669  0.003302 0.0005293    0.0135        21       640    0.8926    0.8833    0.8547    0.5026   0.01557  0.005857 0.0001572
   150/249     12.2G  0.008564  0.003274 0.0001841   0.01202        23       640    0.9123    0.8881    0.8678    0.5089   0.01564  0.005815 0.0001507
   151/249     12.2G  0.007808    0.0031 0.0001716   0.01108        17       640    0.8796       0.9    0.8466     0.506   0.01557  0.005923 0.0001625
   152/249     12.2G  0.009479  0.003079 0.0005143   0.01307        16       640    0.8627    0.8829    0.8235    0.5046   0.01603  0.005886 0.0001554
   153/249     12.2G  0.007296  0.003158 0.0001121   0.01057        19       640    0.8707     0.891    0.8267    0.5089   0.01617  0.005839 0.0001616
   154/249     12.2G  0.008982  0.003055  0.000332   0.01237        23       640    0.8697    0.8666    0.8392    0.5054   0.01648   0.00589   0.00017
   155/249     12.2G  0.009945  0.003116 0.0003818   0.01344        19       640    0.8592    0.9167    0.8416      0.51   0.01608  0.005768 0.0001742
   156/249     12.2G  0.007564   0.00303 0.0001747   0.01077        20       640    0.8705    0.8833    0.8396    0.5187   0.01543  0.005998 0.0001787
   157/249     12.2G  0.007709  0.003123 0.0001297   0.01096        26       640    0.8611    0.8767    0.8303    0.5201   0.01555  0.005994 0.0002151
   158/249     12.2G  0.007665  0.003019 0.0001388   0.01082        24       640    0.8706    0.8833     0.831    0.5076   0.01571  0.006181 0.0001873
   159/249     12.2G  0.008582  0.003089 0.0002887   0.01196        15       640    0.8635      0.85    0.8123    0.5022   0.01611  0.006222 0.0001842
   160/249     12.2G   0.00844  0.003033 0.0002428   0.01172        24       640    0.8629    0.8833    0.8214    0.5071   0.01633  0.006103 0.0001781
   161/249     12.2G  0.009971  0.003175 0.0004073   0.01355        15       640    0.8759    0.8667    0.8314    0.5059   0.01557  0.006116 0.0001574
   162/249     12.2G  0.007045  0.003121 8.522e-05   0.01025        18       640    0.8704    0.8833     0.826    0.5041   0.01561   0.00617 0.0001738
   163/249     12.2G  0.007073   0.00309 0.0001044   0.01027        27       640    0.8818    0.8666    0.8244    0.5079   0.01547  0.006227 0.0001825
   164/249     12.2G  0.007732  0.003085 0.0002199   0.01104        17       640    0.8835    0.8667    0.8219     0.505   0.01549  0.006218 0.0001682
   165/249     12.2G   0.00677  0.003005 0.0001297  0.009905        21       640    0.8803    0.8582    0.8149    0.5089   0.01533  0.006113 0.0001812
   166/249     12.2G  0.007875  0.002973 0.0002105   0.01106        28       640    0.8842     0.925    0.8538    0.5111   0.01529  0.006012 0.0001612
   167/249     12.2G   0.00687  0.003069 0.0001393   0.01008        18       640    0.8636     0.875    0.8113    0.5091   0.01528   0.00612 0.0001305
   168/249     12.2G  0.007556  0.002962 0.0001577   0.01068        21       640    0.8717    0.8833    0.8224    0.5095   0.01543  0.006322 0.0001456
   169/249     12.2G  0.007372  0.003058 0.0001103   0.01054        23       640    0.8902       0.9    0.8468    0.5128   0.01483   0.00626 0.0001543
   170/249     12.2G  0.007542  0.003002 0.0001973   0.01074        14       640    0.9037     0.925    0.8652     0.521   0.01499  0.006117 0.0001636
   171/249     12.2G  0.008956  0.002896 0.0003092   0.01216        22       640    0.8804    0.8917    0.8274    0.5118   0.01507   0.00624 0.0001745
   172/249     12.2G  0.007594   0.00304 0.0001969   0.01083        18       640    0.8804    0.8917    0.8375    0.5059   0.01518  0.006308 0.0001717
   173/249     12.2G   0.00804  0.002876 0.0002792    0.0112        20       640    0.8711    0.8833    0.8203    0.4997   0.01556  0.006161 0.0001635
   174/249     12.2G  0.007915  0.002963 0.0002397   0.01112        25       640    0.8819    0.8667    0.8155    0.4997   0.01615  0.006177 0.0001875
   175/249     12.2G  0.007678  0.003041 0.0001807    0.0109        25       640    0.8815    0.8583    0.8063    0.4933   0.01601  0.006217 0.0001987
   176/249     12.2G  0.008625  0.003049 0.0003316   0.01201        22       640    0.8817    0.8583    0.8267     0.497    0.0157  0.006251 0.0001836
   177/249     12.2G  0.006736  0.002937 0.0001049  0.009778        16       640    0.8907    0.8667    0.8306    0.4932   0.01551  0.006293 0.0001865
   178/249     12.2G  0.006649  0.002932 9.654e-05  0.009677        21       640    0.8932    0.8833    0.8419    0.5059   0.01507  0.006208 0.0001395
   179/249     12.2G  0.008568  0.002939 0.0002385   0.01175        21       640    0.8838     0.875    0.8293    0.5045   0.01561  0.006273 0.0001557
   180/249     12.2G  0.008421  0.002892 0.0003809   0.01169        18       640    0.8569    0.8333    0.7976    0.4933   0.01566  0.006294 0.0002083
   181/249     12.2G  0.008365  0.003004 0.0003043   0.01167        20       640     0.865    0.8666    0.8057    0.4913   0.01562  0.006216 0.0002374
   182/249     12.2G  0.007449  0.002938  0.000225   0.01061        16       640    0.8763    0.8667    0.8281    0.4959   0.01579  0.006135 0.0002053
   183/249     12.2G  0.007691  0.003024 0.0002864     0.011        17       640    0.8735    0.8666    0.8305    0.4934   0.01536  0.006167 0.0001826
   184/249     12.2G  0.006664  0.002907 0.0001094  0.009681        22       640    0.8648    0.8667    0.8173    0.4982   0.01521  0.006226 0.0001904
   185/249     12.2G  0.007293  0.002951 0.0001832   0.01043        16       640    0.8669       0.9     0.835    0.4998    0.0153  0.006237 0.0001743
   186/249     12.2G  0.007136  0.003006 0.0001482   0.01029        19       640    0.8667    0.8583    0.8168    0.4948   0.01544  0.006346   0.00016
   187/249     12.2G  0.006609  0.002962 0.0001117  0.009683        17       640    0.8851    0.8917    0.8464     0.493     0.015  0.006333 0.0001478
   188/249     12.2G  0.009829  0.002971 0.0004249   0.01322        20       640    0.8772    0.8833    0.8334    0.4945   0.01489   0.00637 0.0001474
   189/249     12.2G  0.008269  0.003033 0.0003399   0.01164        22       640     0.879      0.85    0.8142    0.4894   0.01523  0.006439 0.0001411
   190/249     12.2G  0.006791  0.003006 0.0001427   0.00994        18       640     0.872    0.8915    0.8382    0.4925   0.01568  0.006369 0.0001349
   191/249     12.2G  0.007876  0.002924 0.0002349   0.01104        17       640    0.8943    0.9083    0.8574    0.4926   0.01525   0.00628 0.0001449
   192/249     12.2G  0.006603  0.002886 0.0001117  0.009601        28       640    0.8751    0.8667     0.824    0.5028   0.01473  0.006324 0.0001349
   193/249     12.2G  0.008905  0.002918 0.0003988   0.01222        20       640    0.8909     0.875    0.8379    0.4931     0.015   0.00642  0.000143
   194/249     12.2G  0.007579   0.00288 0.0002738   0.01073        23       640    0.8971    0.8666    0.8357    0.4992   0.01543  0.006455 0.0001489
   195/249     12.2G   0.01021  0.002805 0.0002914   0.01331        18       640    0.8717    0.8499     0.802    0.4897   0.01525  0.006453 0.0001375
   196/249     12.2G   0.00638  0.002765 0.0001123  0.009257        21       640    0.8885    0.8667    0.8331    0.4967   0.01499  0.006445 0.0001356
   197/249     12.2G  0.009479  0.002828 0.0004389   0.01275        15       640    0.8984    0.8749    0.8375    0.4982   0.01494  0.006448 0.0001261
   198/249     12.2G  0.007137   0.00294 0.0001158   0.01019        18       640    0.8869       0.9    0.8576    0.4886   0.01495  0.006351 0.0001226
   199/249     12.2G  0.007843   0.00293 0.0002459   0.01102        24       640    0.8698    0.8833    0.8273    0.4963   0.01488  0.006353 0.0001304
   200/249     12.2G  0.007532  0.002802  0.000304   0.01064        17       640    0.8911    0.8749    0.8363    0.4928   0.01533  0.006397 0.0001347
   201/249     12.2G  0.007097  0.002908 0.0001777   0.01018        18       640    0.8861    0.8833    0.8331    0.4849   0.01533  0.006538 0.0001421
   202/249     12.2G   0.00686  0.002779 0.0001518  0.009791        21       640    0.9008    0.8833    0.8366    0.4858   0.01557  0.006496 0.0001359
   203/249     12.2G  0.006985    0.0028 0.0002452   0.01003        15       640     0.901    0.8833    0.8333    0.4848    0.0155  0.006509 0.0001473
   204/249     12.2G  0.009502  0.002692  0.000436   0.01263        14       640    0.8997    0.8749    0.8336    0.4872    0.0158  0.006554 0.0001605
   205/249     12.2G  0.006997  0.002838  0.000343   0.01018        16       640    0.8773    0.8417    0.8059    0.4936    0.0158  0.006527 0.0001749
   206/249     12.2G  0.006493  0.002804 0.0001677  0.009464        20       640    0.8755    0.8667    0.8294    0.4928   0.01547  0.006509 0.0001617
   207/249     12.2G  0.007886  0.002882 0.0002416   0.01101        15       640    0.9106    0.9083    0.8785    0.4889   0.01554  0.006601  0.000168
   208/249     12.2G  0.008954  0.002923 0.0003633   0.01224        17       640    0.8968    0.8667    0.8566    0.4999   0.01565  0.006542 0.0001875
   209/249     12.2G  0.008002  0.002903 0.0002713   0.01118        19       640    0.8931    0.8917    0.8653    0.4994   0.01517  0.006421  0.000185
   210/249     12.2G  0.007887  0.002882 0.0002603   0.01103        20       640    0.8795    0.8583    0.8443    0.4989   0.01518  0.006398 0.0001457
   211/249     12.2G  0.008332  0.002783 0.0005022   0.01162        27       640    0.8914     0.875    0.8448    0.4996   0.01541  0.006546 0.0001508
   212/249     12.2G  0.006356  0.002812 9.507e-05  0.009263        19       640    0.8914     0.875    0.8493    0.4993   0.01565  0.006591 0.0001723
   213/249     12.2G  0.007657  0.002847 0.0003217   0.01083        24       640    0.8842     0.875    0.8409     0.496   0.01548  0.006579 0.0001831
   214/249     12.2G  0.006908  0.002814 0.0001772  0.009899        15       640    0.8848     0.875    0.8435     0.493   0.01538   0.00664 0.0001862
   215/249     12.2G  0.006962  0.002761 0.0002025  0.009925        12       640    0.8725    0.8583    0.8359    0.4958   0.01516  0.006595 0.0001701
   216/249     12.2G  0.008728  0.002813 0.0003107   0.01185        21       640    0.8816    0.8667    0.8422    0.4931   0.01588  0.006605 0.0001874
   217/249     12.2G  0.006867  0.002702 0.0001216  0.009691        22       640    0.8611    0.8666    0.8359    0.4923    0.0158  0.006628 0.0001706
   218/249     12.2G  0.007572  0.002632 0.0001553   0.01036        20       640    0.8597    0.8583    0.8064    0.4842   0.01608   0.00668 0.0001886
   219/249     12.2G  0.006896  0.002698 7.742e-05  0.009672        21       640    0.8594    0.8583    0.8064     0.481   0.01582  0.006644   0.00019
   220/249     12.2G  0.008371  0.002802 0.0004141   0.01159        19       640    0.8578      0.85    0.8106    0.4779   0.01647  0.006697 0.0002181
   221/249     12.2G  0.008237  0.002742 0.0001972   0.01118        22       640    0.8361    0.8417    0.8078    0.4873   0.01631  0.006716 0.0001843
   222/249     12.2G  0.006745   0.00274 0.0001508  0.009636        21       640    0.8752    0.8331    0.8192    0.4902   0.01566  0.006791 0.0001617
   223/249     12.2G  0.008015  0.002845 0.0003106   0.01117        21       640    0.8746    0.8667    0.8257    0.4886   0.01535  0.006729 0.0001608
   224/249     12.2G  0.009404   0.00273 0.0003086   0.01244        15       640    0.8539    0.8667     0.812    0.4923   0.01546  0.006606 0.0001471
   225/249     12.2G  0.007324  0.002697 0.0002068   0.01023        19       640    0.8565      0.85    0.8107    0.4945   0.01555  0.006667 0.0001447
   226/249     12.2G  0.006871  0.002754 0.0001367  0.009761        17       640    0.8566      0.85    0.8141    0.4954   0.01589  0.006716 0.0001537
   227/249     12.2G  0.006924  0.002768 0.0001426  0.009835        13       640    0.8786    0.8583    0.8262    0.4939   0.01578  0.006631 0.0001537
   228/249     12.2G  0.006822  0.002698 0.0001046  0.009624        19       640    0.8658    0.8666    0.8209    0.4906   0.01562  0.006614 0.0001608
   229/249     12.2G  0.007172  0.002778 0.0002612   0.01021        25       640    0.8776    0.8917    0.8278    0.4903   0.01527  0.006571 0.0001483
   230/249     12.2G  0.006619   0.00282 0.0001519   0.00959        27       640    0.8772    0.8833    0.8293    0.4912   0.01549  0.006597 0.0001474
   231/249     12.2G  0.007577  0.002701 0.0002841   0.01056        24       640    0.8904     0.875    0.8322    0.4878   0.01571  0.006624 0.0001536
   232/249     12.2G  0.007246  0.002784 0.0001046   0.01013        18       640    0.8817    0.8666    0.8247    0.4909   0.01557  0.006639 0.0001563
   233/249     12.2G  0.007618  0.002741 0.0002285   0.01059        21       640    0.8658    0.8583    0.8216    0.4905   0.01588  0.006606 0.0001592
   234/249     12.2G  0.006292  0.002711 8.516e-05  0.009088        16       640    0.8781    0.8917    0.8395    0.4848   0.01612   0.00671 0.0001717
   235/249     12.2G  0.008257  0.002655 0.0002522   0.01116        21       640    0.8898     0.875    0.8449    0.4905   0.01674  0.006867 0.0001908
   236/249     12.2G  0.008758  0.002699 0.0004343   0.01189        20       640    0.8825     0.875    0.8324    0.4903   0.01701  0.007012 0.0002089
   237/249     12.2G  0.007117  0.002717 0.0001528  0.009986        16       640    0.8731    0.8583    0.8085    0.4858   0.01644  0.006707 0.0001771
   238/249     12.2G  0.007299  0.002816 0.0001557   0.01027        22       640    0.8735    0.8583    0.8103    0.4856   0.01628  0.006701 0.0001715
   239/249     12.2G  0.007667   0.00274 0.0002958    0.0107        22       640    0.8562    0.8808    0.8265    0.4904   0.01656  0.006751 0.0001883
   240/249     12.2G  0.008771  0.002623   0.00035   0.01174        18       640    0.8627     0.875    0.8331    0.4887   0.01655  0.006884 0.0002038
   241/249     12.2G  0.007577  0.002705 0.0002033   0.01049        14       640    0.8486    0.8417    0.8084    0.4911   0.01647  0.006851   0.00018
   242/249     12.2G  0.007714  0.002721 0.0003246   0.01076        22       640    0.8555    0.8417    0.8108    0.4971   0.01626  0.006786 0.0001621
   243/249     12.2G   0.00609  0.002669 0.0001209   0.00888        25       640    0.8818    0.8667     0.837    0.4987   0.01646  0.006749 0.0001574
   244/249     12.2G  0.008087  0.002727 0.0001576   0.01097        14       640    0.8846    0.8916    0.8402    0.4873   0.01599  0.006748 0.0001584
   245/249     12.2G  0.007333  0.002835 0.0002515   0.01042        21       640    0.8824     0.875    0.8229    0.4835   0.01572  0.006874 0.0001578
   246/249     12.2G  0.006448  0.002662  0.000206  0.009315        18       640    0.8841    0.8917    0.8423    0.4897   0.01593  0.006912 0.0001666
   247/249     12.2G  0.007725  0.002701 0.0002541   0.01068        19       640    0.8684     0.875    0.8338    0.4935   0.01615  0.006897 0.0001617
   248/249     12.2G  0.007585  0.002827 0.0002123   0.01062        18       640    0.8846    0.8833     0.841    0.4909   0.01614  0.006869  0.000157
   249/249     12.2G  0.005898  0.002711 0.0001037  0.008713        18       640    0.8846    0.8833    0.8395    0.4947   0.01597  0.006857 0.0001512
